User 1: 58559, 367, 1907, 720, 1663, 1653, 1148, 2657, 1884, 1022
User 2: 79132, 2959, 74458, 80463, 69122, 122904, 64614, 109374, 134130, 55247
User 3: 1214, 1258, 541, 1210, 1997, 1215, 2028, 2000, 1356, 3421
User 4: 25, 1172, 778, 47, 1307, 36, 300, 1028, 5060, 2108
User 5: 356, 593, 480, 161, 539, 595, 434, 165, 500, 454
User 6: 3, 786, 158, 733, 1356, 595, 420, 48, 805, 590
User 7: 2571, 6377, 3578, 1270, 2012, 1198, 2011, 33794, 5989, 1197
User 8: 110, 161, 349, 165, 377, 595, 339, 316, 434, 296
User 9: 7153, 260, 5952, 1210, 1196, 4370, 6365, 1356, 480, 2797
User 10: 4963, 8961, 6539, 4886, 364, 79132, 1197, 40815, 69122, 2572
User 11: 527, 590, 47, 161, 454, 316, 780, 185, 1370, 339
User 12: 597, 2572, 2671, 1246, 1380, 50, 1307, 1569, 4246, 17
User 13: 260, 2858, 4993, 1200, 3175, 7153, 1291, 296, 33493, 2997
User 14: 590, 457, 349, 454, 292, 253, 161, 377, 318, 597
User 15: 2571, 7153, 1270, 60069, 593, 50, 2028, 2762, 356, 1097
User 16: 7153, 858, 7361, 1089, 2028, 1258, 1234, 903, 58559, 1080
User 17: 7153, 1208, 79132, 91529, 858, 1270, 924, 1214, 1136, 1200
User 18: 3717, 111362, 1220, 112556, 116797, 8949, 1584, 92259, 33166, 733
User 19: 3175, 1073, 1275, 551, 1573, 4993, 2161, 1968, 10, 11
User 20: 1035, 3793, 2355, 3911, 616, 553, 353, 3489, 3717, 2078
User 21: 68954, 1210, 166528, 45720, 91542, 592, 49530, 54001, 54286, 81845
User 22: 2571, 1206, 4995, 4973, 4306, 1, 1784, 48774, 364, 4011
User 23: 111, 1201, 903, 1222, 1208, 6711, 589, 2997, 912, 2288
User 24: 527, 2324, 33794, 1036, 46578, 1259, 48774, 1291, 8665, 2959
User 25: 2959, 1198, 593, 318, 1196, 4226, 356, 91529, 110, 109487
User 26: 590, 292, 161, 480, 110, 593, 253, 231, 377, 339
User 27: 1196, 596, 1374, 1356, 1028, 919, 1291, 1234, 500, 2161
User 28: 1617, 1653, 49530, 2300, 2542, 5903, 33493, 16, 1261, 8644
User 29: 1221, 1200, 2028, 608, 480, 527, 1252, 1276, 1089, 111
User 30: 91529, 2571, 1210, 59315, 3578, 1214, 2959, 1, 89745, 134130
User 31: 260, 32, 1198, 1210, 1291, 780, 802, 95, 736, 36
User 32: 17, 648, 7, 1291, 494, 112, 266, 805, 762, 1210
User 33: 260, 357, 34, 11, 509, 457, 1196, 4034, 539, 1259
User 34: 380, 4306, 6365, 33794, 4993, 6863, 736, 3623, 48394, 44191
User 35: 318, 150, 539, 380, 480, 161, 440, 253, 457, 339
User 36: 1221, 608, 2858, 2762, 260, 356, 1276, 923, 904, 527
User 37: 150, 110, 480, 165, 454, 161, 527, 588, 47, 434
User 38: 380, 150, 590, 592, 589, 474, 367, 587, 235, 266
User 39: 1240, 293, 480, 912, 223, 34, 3578, 1968, 1242, 300
User 40: 161, 150, 588, 539, 587, 11, 253, 225, 50, 377
User 41: 4995, 106782, 778, 2329, 91658, 1246, 1193, 6016, 74458, 2987
User 42: 1784, 111, 17, 2683, 58559, 2797, 8529, 266, 79132, 3471
User 43: 454, 2, 231, 736, 185, 595, 252, 364, 110, 39
User 44: 260, 1356, 32, 788, 1073, 62, 786, 25, 6, 7
User 45: 1387, 2396, 3160, 3623, 2490, 3421, 1220, 1206, 6373, 2700
User 46: 592, 150, 457, 454, 480, 344, 296, 329, 47, 377
User 47: 4995, 2858, 296, 79132, 527, 480, 6874, 1704, 1682, 1193
User 48: 4306, 1270, 736, 1580, 1210, 8961, 1291, 2011, 6539, 1196
User 49: 2959, 3578, 589, 60069, 527, 58559, 3147, 260, 112852, 7153
User 50: 1219, 1193, 1200, 1732, 5952, 4973, 2716, 2762, 1234, 150
User 51: 6, 4995, 1198, 1617, 5445, 1269, 3911, 3052, 1061, 1245
User 52: 58559, 5418, 3578, 551, 116797, 44199, 59315, 111759, 60069, 87232
User 53: 912, 553, 3448, 2959, 593, 1258, 1204, 223, 2005, 2000
User 54: 150, 349, 153, 380, 364, 165, 527, 344, 47, 434
User 55: 50, 4963, 5418, 778, 1213, 1089, 1221, 48780, 55820, 5010
User 56: 590, 150, 47, 161, 377, 588, 316, 339, 225, 587
User 57: 2427, 910, 4027, 1610, 661, 3060, 1262, 39, 3108, 1183
User 58: 380, 592, 296, 539, 454, 377, 11, 34, 588, 440
User 59: 908, 541, 1653, 750, 1267, 3578, 1225, 2023, 111, 1276
User 60: 2028, 593, 608, 4973, 2959, 7361, 357, 111, 858, 5989
User 61: 7153, 296, 47, 2329, 608, 2959, 2762, 4973, 111, 527
User 62: 1206, 81591, 367, 1258, 59784, 3671, 2706, 431, 34162, 95441
User 63: 858, 70286, 1246, 49272, 3147, 367, 68157, 80463, 733, 1291
User 64: 2000, 551, 454, 1234, 2006, 1573, 1997, 17, 1587, 1722
User 65: 2959, 5952, 356, 593, 2324, 91529, 33794, 68954, 1704, 54286
User 66: 1208, 4973, 293, 1199, 2064, 1777, 1233, 1204, 1674, 2712
User 67: 1240, 3147, 588, 1, 3793, 527, 1213, 1270, 1200, 2329
User 68: 49530, 904, 111, 6593, 1247, 62374, 1617, 81562, 3247, 52328
User 69: 111, 858, 5349, 32, 2858, 3578, 47, 1198, 780, 2028
User 70: 1221, 1276, 2028, 1247, 50, 4995, 1265, 1207, 150, 1262
User 71: 786, 32, 480, 141, 6, 653, 788, 1393, 25, 36
User 72: 480, 593, 1221, 380, 780, 296, 293, 150, 1213, 1197
User 73: 1682, 318, 69122, 81845, 89745, 33794, 51662, 60069, 48394, 80549
User 74: 3578, 7361, 924, 608, 3793, 260, 6874, 913, 4878, 3362
User 75: 1210, 2571, 1197, 3578, 750, 608, 1748, 1201, 1, 1270
User 76: 2329, 4993, 1198, 48516, 912, 924, 1193, 50, 1222, 296
User 77: 4993, 4306, 59315, 2959, 6377, 1198, 318, 6333, 60069, 8368
User 78: 589, 1036, 457, 165, 780, 592, 110, 588, 260, 590
User 79: 608, 3578, 1198, 589, 1213, 780, 480, 1610, 1617, 50
User 80: 54286, 59315, 63082, 904, 7143, 6874, 33679, 36529, 4226, 4262
User 81: 110, 380, 150, 590, 593, 349, 292, 454, 50, 253
User 82: 377, 2683, 648, 296, 1036, 1240, 3753, 1653, 316, 1275
User 83: 2571, 33794, 356, 2959, 541, 91529, 60069, 1208, 74458, 109487
User 84: 1214, 497, 1204, 529, 111, 25, 1299, 440, 1302, 515
User 85: 1247, 2671, 1265, 356, 1246, 2692, 2542, 34, 904, 2324
User 86: 7153, 260, 8360, 48780, 2762, 4995, 54286, 4886, 3147, 58559
User 87: 1265, 1197, 1198, 31658, 1199, 3000, 4027, 2571, 6350, 750
User 88: 2959, 6539, 2329, 593, 2571, 4973, 8961, 2858, 7361, 79132
User 89: 593, 1258, 69406, 47, 117590, 6377, 40819, 2571, 858, 6
User 90: 733, 648, 608, 736, 786, 95, 802, 62, 6, 788
User 91: 1387, 2890, 1222, 1625, 4848, 70, 1333, 1320, 3081, 454
User 92: 58559, 54503, 1380, 7451, 52973, 8807, 5103, 8376, 1032, 34162
User 93: 457, 1374, 380, 1527, 153, 592, 292, 377, 780, 208
User 94: 380, 165, 349, 454, 339, 253, 595, 1, 539, 300
User 95: 111, 1222, 1240, 780, 1193, 1584, 2716, 1210, 337, 4973
User 96: 47, 589, 2028, 457, 608, 318, 1196, 356, 10, 1136
User 97: 260, 2959, 7153, 1198, 1221, 527, 1196, 4226, 1036, 780
User 98: 6377, 4896, 58559, 76093, 2762, 1193, 4993, 109374, 919, 68954
User 99: 590, 161, 292, 377, 553, 110, 316, 457, 454, 329
User 100: 39, 1028, 2858, 11, 50, 595, 150, 708, 1088, 2324
User 101: 2571, 1732, 1265, 1580, 260, 1517, 4226, 1060, 2700, 2028
User 102: 110, 380, 292, 587, 316, 592, 339, 595, 329, 10
User 103: 68157, 3751, 3703, 357, 6863, 68358, 778, 2019, 64957, 1391
User 104: 7153, 40815, 1035, 4886, 69844, 3114, 17, 720, 1028, 60069
User 105: 1376, 6378, 357, 1097, 116897, 60950, 3703, 110102, 3730, 3114
User 106: 4896, 5816, 116797, 527, 8961, 4306, 1196, 54001, 98809, 60069
User 107: 339, 153, 592, 457, 454, 480, 253, 10, 34, 377
User 108: 527, 589, 32, 2012, 1527, 2762, 4995, 4886, 5377, 5991
User 109: 300, 6, 47, 590, 539, 380, 141, 597, 17, 480
User 110: 858, 7361, 1213, 2329, 750, 1225, 1617, 293, 44555, 55820
User 111: 104211, 95441, 61024, 71535, 6155, 1213, 128520, 112138, 7173, 140711
User 112: 260, 318, 364, 2959, 2329, 589, 1258, 590, 736, 3578
User 113: 2028, 2396, 1225, 597, 1207, 527, 912, 2571, 1172, 910
User 114: 4306, 116797, 72998, 59315, 76093, 5618, 58559, 68954, 1196, 8636
User 115: 589, 2628, 588, 1573, 2571, 3996, 1210, 1, 592, 2706
User 116: 587, 1214, 780, 110, 1097, 34, 2571, 165, 1721, 1610
User 117: 587, 457, 110, 377, 161, 349, 357, 95, 509, 316
User 118: 858, 50, 1210, 2858, 1089, 260, 318, 4011, 1208, 1222
User 119: 79132, 91529, 1961, 6874, 7143, 5459, 106696, 60069, 1198, 337
User 120: 260, 736, 786, 95, 1356, 1, 494, 1221, 36, 1393
User 121: 110, 32, 50, 457, 480, 153, 592, 339, 36, 593
User 122: 208, 4027, 4848, 266, 112552, 8961, 349, 4306, 46976, 73017
User 123: 2959, 58559, 260, 74458, 3578, 91529, 134130, 68157, 1193, 50
User 124: 2324, 2959, 4306, 2571, 778, 590, 47, 1193, 1206, 1732
User 125: 50872, 111, 2291, 1073, 2572, 1527, 3949, 1197, 3147, 1258
User 126: 292, 592, 589, 10, 356, 527, 225, 587, 367, 539
User 127: 904, 1269, 1304, 1234, 1219, 2321, 593, 1250, 923, 1207
User 128: 47, 1210, 480, 733, 910, 111, 527, 913, 4993, 2959
User 129: 1198, 1527, 4995, 5952, 1210, 589, 8360, 4022, 2115, 1653
User 130: 590, 150, 457, 10, 480, 454, 316, 296, 356, 377
User 131: 2959, 2329, 48516, 1198, 6016, 2571, 1258, 2542, 1036, 1208
User 132: 6874, 597, 7153, 5445, 4878, 4308, 7361, 3000, 3949, 1961
User 133: 150, 47, 161, 592, 296, 165, 292, 357, 21, 597
User 134: 457, 480, 165, 292, 316, 185, 10, 150, 296, 329
User 135: 32, 1222, 353, 1210, 597, 2268, 377, 111, 1394, 2174
User 136: 161, 588, 349, 480, 587, 367, 350, 377, 2, 236
User 137: 1234, 5952, 1196, 356, 908, 1221, 1222, 1206, 923, 1269
User 138: 1265, 3578, 2858, 364, 1136, 2997, 904, 4011, 3793, 367
User 139: 79132, 72998, 6365, 8961, 1196, 109487, 7143, 3793, 112852, 51662
User 140: 54286, 1884, 913, 5991, 4308, 46976, 50872, 1203, 440, 2067
User 141: 4306, 79132, 5952, 6539, 50872, 2115, 3578, 2797, 2329, 116797
User 142: 318, 110, 454, 153, 595, 10, 329, 253, 587, 589
User 143: 58559, 2572, 81845, 4886, 2571, 1, 912, 80549, 6377, 4963
User 144: 1, 595, 4306, 590, 165, 357, 2028, 7153, 6874, 7361
User 145: 592, 296, 10, 457, 34, 454, 253, 349, 480, 356
User 146: 356, 1259, 551, 69122, 78499, 7293, 6373, 59369, 1994, 8984
User 147: 1073, 1374, 1265, 1201, 1, 50, 2324, 1356, 1784, 8874
User 148: 58559, 79132, 59315, 8961, 4306, 109487, 79091, 77561, 134130, 122918
User 149: 5378, 733, 2571, 1214, 648, 3471, 2628, 1198, 2916, 2716
User 150: 95, 780, 736, 260, 648, 802, 1, 112, 608, 17
User 151: 733, 1356, 32, 95, 786, 494, 112, 7, 36, 104
User 152: 858, 6016, 68157, 608, 4226, 912, 356, 2028, 1089, 4973
User 153: 6377, 6874, 46578, 4226, 81845, 2692, 5618, 6016, 68954, 109374
User 154: 59315, 60069, 134130, 109487, 88125, 6377, 58559, 68954, 87232, 8368
User 155: 2762, 2571, 356, 4306, 1210, 2706, 2700, 2683, 1196, 296
User 156: 1617, 272, 2150, 3421, 1269, 951, 916, 3363, 141, 4896
User 157: 593, 110, 356, 858, 7361, 2571, 318, 1704, 2028, 357
User 158: 1214, 3409, 1479, 70, 51662, 3535, 1748, 4034, 111, 2407
User 159: 1, 58559, 8961, 2571, 4963, 3578, 364, 97921, 527, 595
User 160: 1282, 2329, 1358, 4014, 1387, 1617, 1394, 16, 2710, 1527
User 161: 720, 1148, 5952, 1198, 50, 34, 4306, 356, 594, 527
User 162: 36, 590, 32, 527, 34, 62, 497, 141, 25, 539
User 163: 2762, 2028, 50, 1923, 1370, 1246, 2268, 5445, 2396, 1682
User 164: 260, 2571, 1240, 1214, 1210, 648, 733, 1197, 110, 541
User 165: 4993, 589, 1198, 260, 1270, 7153, 1036, 4886, 1610, 1222
User 166: 7361, 5418, 6539, 48516, 3996, 2692, 745, 6365, 1200, 750
User 167: 8961, 1196, 1197, 2355, 1288, 3578, 51255, 1225, 2542, 3996
User 168: 904, 111, 1230, 1234, 924, 1262, 2542, 2997, 1080, 1198
User 169: 1073, 1213, 1704, 590, 6754, 1748, 8368, 653, 4022, 778
User 170: 349, 165, 380, 434, 110, 253, 316, 344, 1, 589
User 171: 1036, 1213, 912, 1196, 1356, 50, 733, 1200, 736, 786
User 172: 318, 1214, 1196, 457, 7153, 260, 2571, 2028, 3114, 47
User 173: 590, 457, 364, 349, 1, 380, 367, 165, 587, 318
User 174: 165, 110, 339, 377, 316, 434, 47, 34, 593, 367
User 175: 3793, 356, 2321, 4447, 4700, 899, 2858, 3897, 6711, 1022
User 176: 457, 292, 349, 253, 110, 480, 185, 339, 231, 367
User 177: 88810, 6870, 96821, 52975, 7169, 96079, 2052, 968, 2797, 112852
User 178: 2571, 296, 47, 4011, 79132, 4973, 457, 2324, 58559, 260
User 179: 590, 165, 153, 780, 344, 733, 587, 434, 527, 10
User 180: 260, 7153, 1210, 1214, 5952, 1291, 3578, 58559, 1200, 2959
User 181: 292, 588, 589, 253, 153, 150, 434, 364, 329, 2
User 182: 272, 88125, 1093, 48394, 2657, 1517, 3186, 8368, 1047, 1357
User 183: 1036, 110, 1240, 457, 1291, 924, 1198, 1101, 2571, 165
User 184: 8368, 88125, 122904, 134130, 76093, 122918, 74458, 134853, 69844, 122886
User 185: 364, 588, 150, 2959, 4306, 1097, 2762, 2080, 6377, 2858
User 186: 1270, 2706, 1214, 1250, 590, 1127, 1246, 1485, 586, 329
User 187: 2019, 1193, 4973, 7090, 541, 1682, 904, 3556, 1584, 208
User 188: 1207, 1028, 1219, 908, 923, 595, 910, 588, 1276, 2762
User 189: 5952, 110, 318, 260, 74458, 4226, 44191, 3147, 2329, 1198
User 190: 4226, 40815, 5349, 5952, 6874, 4027, 4995, 2571, 7153, 608
User 191: 296, 300, 141, 50, 440, 318, 260, 62, 509, 593
User 192: 457, 165, 161, 592, 185, 153, 344, 329, 253, 47
User 193: 608, 111, 1210, 541, 1221, 780, 1198, 2028, 4896, 2571
User 194: 1219, 1610, 924, 2502, 1573, 1247, 1101, 1307, 1225, 1208
User 195: 593, 457, 1240, 110, 2987, 1617, 1610, 1073, 4022, 1923
User 196: 1198, 589, 595, 480, 1610, 54286, 79132, 32, 8665, 2571
User 197: 110, 32, 608, 1036, 1089, 2858, 111, 1196, 1221, 1222
User 198: 2858, 32, 253, 1307, 4027, 1997, 1784, 1682, 231, 3083
User 199: 1219, 1407, 1247, 1234, 34, 165, 1193, 1215, 1127, 2076
User 200: 2174, 2028, 1246, 4963, 2572, 7143, 5349, 5502, 500, 4975
User 201: 110, 1, 2571, 648, 588, 1210, 2987, 2115, 1214, 1784
User 202: 1035, 1129, 3809, 48, 3527, 2009, 337, 1213, 44191, 527
User 203: 7153, 6377, 6539, 1196, 4226, 260, 4963, 8360, 8961, 72998
User 204: 2329, 5952, 48516, 74458, 79132, 2858, 7153, 2762, 4011, 6016
User 205: 5816, 79132, 68954, 89745, 58559, 59315, 527, 296, 6377, 2959
User 206: 733, 25, 36, 260, 1356, 494, 802, 1393, 788, 653
User 207: 1193, 356, 1213, 2571, 2324, 68157, 2997, 1240, 1265, 44191
User 208: 260, 356, 480, 1196, 1240, 1580, 3578, 541, 60069, 457
User 209: 79132, 260, 58559, 2329, 4226, 110, 6539, 2028, 527, 1196
User 210: 8368, 81834, 79132, 109487, 112852, 6377, 40815, 8961, 2571, 5618
User 211: 2959, 1213, 58559, 48516, 96079, 89745, 2329, 4993, 1089, 1
User 212: 68954, 4226, 3996, 122882, 54503, 59315, 70286, 72998, 81845, 68358
User 213: 2762, 33794, 1197, 54286, 1213, 1240, 34405, 7143, 1200, 111
User 214: 32, 733, 141, 648, 260, 95, 36, 786, 494, 3
User 215: 1704, 1258, 1080, 1246, 2858, 1291, 2571, 1213, 1148, 1036
User 216: 904, 910, 912, 908, 778, 913, 1213, 3751, 1221, 3578
User 217: 1197, 733, 552, 3176, 2352, 1262, 2797, 4973, 173, 377
User 218: 4993, 7153, 260, 1214, 1219, 5618, 904, 1193, 1196, 4973
User 219: 7438, 165, 55765, 58559, 6874, 44191, 4034, 3897, 6754, 70286
User 220: 457, 2858, 3948, 4886, 1210, 5218, 2617, 1682, 8360, 4226
User 221: 648, 2763, 3994, 1197, 1084, 60069, 457, 1201, 1527, 2150
User 222: 1732, 6016, 86882, 63082, 5010, 1221, 1704, 104, 1, 92259
User 223: 47, 8961, 5952, 589, 6539, 2959, 356, 4993, 3793, 2329
User 224: 3552, 1213, 1278, 2115, 260, 1704, 1288, 2858, 2997, 2762
User 225: 1517, 1968, 2115, 2804, 1240, 2918, 3499, 2144, 1527, 2005
User 226: 69122, 60069, 50872, 69844, 3033, 36, 1921, 3949, 2791, 7147
User 227: 116797, 4226, 593, 4973, 50, 1193, 48516, 3578, 99114, 44191
User 228: 1210, 1221, 1196, 1198, 2571, 1200, 47, 608, 79132, 1213
User 229: 457, 110, 161, 588, 356, 300, 34, 10, 292, 339
User 230: 4306, 5418, 5445, 1291, 1, 8360, 4878, 4993, 165, 33493
User 231: 2571, 1197, 1213, 1200, 480, 318, 593, 1210, 2028, 780
User 232: 25, 36, 1201, 3481, 8949, 8360, 2987, 592, 923, 58
User 233: 4226, 48516, 4993, 4306, 116797, 296, 3147, 356, 68954, 2571
User 234: 595, 551, 919, 780, 3578, 34, 4896, 1372, 3034, 596
User 235: 377, 587, 356, 367, 165, 339, 185, 32, 329, 50
User 236: 1089, 1258, 1198, 1517, 1197, 3147, 1732, 1240, 1080, 1625
User 237: 4973, 2959, 79132, 7361, 858, 2329, 4878, 48516, 1884, 1221
User 238: 953, 527, 1193, 1610, 1304, 908, 1276, 6, 2194, 4262
User 239: 8665, 1732, 32, 33794, 293, 44191, 4995, 2278, 3793, 33166
User 240: 587, 592, 480, 350, 432, 236, 95, 410, 185, 208
User 241: 4973, 79132, 1193, 608, 58559, 1213, 109487, 4226, 48516, 74458
User 242: 454, 165, 161, 380, 480, 253, 110, 50, 344, 377
User 243: 380, 344, 480, 318, 110, 253, 339, 349, 292, 364
User 244: 349, 480, 733, 1101, 1240, 2194, 1036, 924, 474, 260
User 245: 1193, 1221, 2762, 1, 2355, 593, 1276, 5349, 527, 1136
User 246: 5618, 33794, 87232, 1090, 431, 1617, 3000, 91500, 367, 48516
User 247: 109487, 2571, 364, 59315, 1, 33794, 44191, 1196, 60069, 1036
User 248: 4896, 72998, 7153, 260, 1270, 1527, 8636, 68954, 5952, 4993
User 249: 3176, 3916, 2005, 97304, 122920, 899, 7451, 106002, 17, 136598
User 250: 50, 1704, 527, 1393, 2324, 1265, 2395, 3147, 1097, 34
User 251: 110, 2959, 858, 1213, 1222, 2858, 4973, 150, 260, 593
User 252: 58559, 356, 76093, 4886, 595, 60069, 68954, 91529, 367, 78499
User 253: 4226, 7361, 5618, 2692, 5971, 2858, 4979, 357, 17, 4246
User 254: 1193, 55820, 3578, 608, 6016, 1704, 6711, 54286, 110, 5989
User 255: 1288, 2918, 260, 1196, 1265, 2716, 4011, 1198, 2791, 1221
User 256: 4886, 3578, 3147, 6365, 912, 3948, 165, 7458, 69122, 296
User 257: 7153, 4993, 736, 1210, 3, 95, 6, 2571, 3785, 1073
User 258: 356, 4886, 79132, 7153, 1704, 5952, 3578, 60069, 63082, 72998
User 259: 8961, 4886, 6377, 4973, 2858, 8360, 1, 589, 2997, 2987
User 260: 1089, 32, 3949, 1617, 293, 6377, 3897, 2959, 1193, 1222
User 261: 2959, 48516, 2858, 4226, 3578, 1213, 1258, 4011, 1221, 7438
User 262: 32, 300, 17, 608, 1196, 11, 150, 527, 25, 235
User 263: 50, 2762, 780, 1097, 3481, 1276, 5299, 2671, 3578, 838
User 264: 588, 4306, 260, 6377, 3114, 1356, 589, 7153, 1270, 648
User 265: 2716, 5378, 1210, 2012, 1372, 141, 1196, 1214, 648, 457
User 266: 2502, 1197, 2916, 1201, 1275, 4011, 1291, 2858, 1358, 25
User 267: 1196, 356, 1214, 2028, 780, 1291, 1584, 1517, 3793, 1580
User 268: 296, 1200, 260, 1244, 608, 318, 1285, 541, 909, 1304
User 269: 32, 1356, 780, 141, 1073, 260, 736, 608, 1393, 112
User 270: 260, 736, 62, 802, 788, 1393, 805, 653, 661, 719
User 271: 541, 1208, 1198, 2571, 1196, 2028, 1748, 1215, 2640, 3578
User 272: 356, 3793, 79132, 58559, 6874, 7153, 59315, 50, 112852, 5952
User 273: 153, 590, 527, 300, 377, 434, 110, 474, 208, 11
User 274: 54503, 6378, 1127, 3753, 2640, 4571, 62, 1183, 98809, 852
User 275: 2915, 110, 2300, 1234, 223, 368, 1485, 3307, 1270, 457
User 276: 733, 1356, 95, 141, 788, 589, 1198, 32, 1393, 494
User 277: 733, 648, 141, 494, 786, 260, 6, 25, 36, 7
User 278: 2028, 858, 357, 1221, 4973, 608, 3552, 1704, 1265, 2329
User 279: 58559, 1210, 109487, 4011, 1089, 1206, 89745, 68358, 112852, 99114
User 280: 2324, 2502, 733, 1022, 88163, 1777, 62, 3911, 46578, 88405
User 281: 5816, 2324, 4878, 608, 7451, 4973, 2005, 7361, 296, 40815
User 282: 858, 1196, 1206, 32, 2700, 44199, 6870, 1197, 111, 33794
User 283: 527, 50, 1288, 356, 260, 2028, 141, 648, 736, 344
User 284: 590, 344, 364, 161, 454, 587, 434, 253, 292, 231
User 285: 1221, 593, 1207, 750, 1219, 4973, 1208, 923, 1230, 913
User 286: 2571, 2959, 5952, 293, 2858, 3147, 457, 2324, 5349, 1225
User 287: 1080, 2571, 3481, 1258, 4995, 1206, 1089, 2502, 7361, 2396
User 288: 4896, 55820, 51255, 1449, 3301, 165, 1645, 1967, 910, 6807
User 289: 1206, 608, 1089, 1732, 2502, 1213, 1222, 551, 50, 1225
User 290: 904, 1210, 1247, 111, 272, 590, 2539, 1625, 3114, 1267
User 291: 79132, 54001, 116797, 8961, 76093, 6539, 109487, 7153, 91529, 6377
User 292: 648, 72998, 3671, 1704, 111759, 8665, 33004, 2993, 50872, 111781
User 293: 260, 111, 527, 296, 2762, 318, 648, 1136, 457, 4306
User 294: 1527, 2470, 3114, 223, 1079, 520, 318, 1028, 1, 2997
User 295: 858, 50, 2858, 2571, 2329, 58559, 750, 7361, 47, 593
User 296: 2571, 7361, 150, 1210, 4226, 293, 47, 7153, 2329, 357
User 297: 110, 32, 778, 380, 296, 1213, 1036, 16, 527, 318
User 298: 165, 1036, 260, 3911, 1307, 1199, 122886, 5669, 1247, 1080
User 299: 260, 1097, 1196, 3147, 1291, 1200, 3996, 1258, 1036, 2762
User 300: 4226, 1193, 7153, 2858, 47, 4995, 7361, 50, 3147, 74458
User 301: 4886, 593, 150, 2324, 4878, 293, 1704, 1, 6333, 6016
User 302: 593, 733, 1073, 1213, 1036, 1210, 318, 36, 6, 293
User 303: 260, 589, 2916, 2628, 1200, 6365, 924, 1291, 2985, 1198
User 304: 480, 736, 2393, 223, 2683, 367, 2918, 329, 2763, 587
User 305: 57669, 57368, 913, 8665, 134130, 59369, 539, 4027, 586, 2470
User 306: 76093, 4306, 59784, 4896, 6539, 78499, 93510, 79091, 5989, 69122
User 307: 2076, 3083, 5377, 37729, 2700, 2455, 908, 1252, 2291, 4489
User 308: 58559, 5952, 69844, 4896, 8368, 4306, 40815, 116797, 50872, 59315
User 309: 4993, 318, 1617, 1258, 912, 910, 1136, 593, 1304, 858
User 310: 912, 1617, 903, 3578, 1252, 260, 1356, 8961, 2987, 541
User 311: 110, 480, 2571, 2657, 2762, 1682, 356, 1240, 1080, 1206
User 312: 1208, 1270, 1527, 1653, 1250, 2791, 3671, 1258, 1274, 3160
User 313: 3527, 2692, 1676, 1527, 4878, 1584, 79132, 1097, 553, 3070
User 314: 380, 595, 539, 736, 588, 21, 349, 457, 454, 339
User 315: 919, 953, 908, 1208, 1252, 1287, 1225, 903, 898, 1212
User 316: 4973, 4878, 7438, 4226, 2959, 8874, 1193, 318, 7153, 5618
User 317: 296, 79132, 4226, 6874, 4963, 1221, 55765, 3949, 69122, 2997
User 318: 2599, 529, 59315, 2420, 1204, 474, 508, 2732, 6807, 54286
User 319: 593, 68954, 2571, 116797, 595, 1704, 50, 89745, 1221, 2028
User 320: 60069, 70286, 1210, 318, 1278, 68157, 8961, 2791, 8636, 96079
User 321: 480, 165, 110, 457, 590, 34, 292, 10, 500, 185
User 322: 4226, 356, 527, 1198, 2329, 457, 32, 1089, 1213, 1136
User 323: 592, 590, 300, 589, 1210, 364, 593, 235, 34, 595
User 324: 1221, 1213, 318, 50, 293, 2858, 1136, 1036, 778, 4973
User 325: 589, 1222, 58559, 7153, 1407, 5103, 1213, 1259, 608, 6365
User 326: 7153, 30707, 112552, 106782, 44191, 68954, 58559, 1721, 48394, 46578
User 327: 2959, 79132, 1213, 1089, 2542, 1210, 10, 47, 165, 2918
User 328: 608, 2502, 1198, 6377, 588, 2791, 1036, 6874, 1732, 1258
User 329: 904, 2959, 1206, 111, 293, 1203, 912, 2329, 1221, 1228
User 330: 1265, 47, 2762, 223, 49272, 1393, 3114, 1246, 2011, 6874
User 331: 48516, 74458, 1682, 7153, 109487, 47, 4226, 51662, 59315, 49272
User 332: 1721, 7438, 924, 260, 3578, 49272, 4226, 6377, 1222, 8360
User 333: 1198, 3996, 3793, 2571, 1036, 1200, 4022, 364, 2706, 3717
User 334: 1210, 5952, 4886, 588, 1197, 2329, 48516, 68954, 33794, 253
User 335: 260, 1210, 296, 589, 527, 150, 2916, 480, 357, 551
User 336: 6377, 7361, 32, 1221, 4226, 2959, 608, 110, 6874, 5989
User 337: 780, 802, 648, 1356, 628, 608, 805, 1, 852, 104
User 338: 4993, 111, 1193, 4973, 2571, 7361, 47, 110, 356, 1221
User 339: 1573, 72998, 2763, 1197, 3869, 1208, 109487, 2064, 2908, 1225
User 340: 150, 380, 454, 316, 593, 339, 377, 434, 47, 231
User 341: 364, 318, 3948, 1265, 3114, 377, 34162, 1682, 73017, 4306
User 342: 260, 1732, 1517, 2959, 588, 1573, 2490, 21, 1580, 2541
User 343: 4993, 7361, 2028, 47, 1210, 858, 58559, 6016, 79132, 296
User 344: 356, 589, 4886, 1196, 5445, 6365, 293, 72998, 1097, 1073
User 345: 924, 1198, 1234, 3471, 1213, 1196, 1387, 3994, 1371, 597
User 346: 750, 4226, 1263, 913, 6711, 1387, 1084, 6016, 2908, 3089
User 347: 588, 380, 161, 349, 500, 367, 329, 593, 296, 225
User 348: 2959, 4993, 296, 1193, 1198, 1210, 2028, 7153, 1089, 904
User 349: 364, 110, 457, 587, 590, 377, 150, 592, 296, 454
User 350: 780, 32, 95, 736, 36, 62, 25, 6, 3, 1196
User 351: 3578, 68954, 74458, 2329, 68157, 58559, 4886, 32587, 2858, 4973
User 352: 1917, 4896, 4027, 71535, 92259, 316, 5378, 3753, 1210, 165
User 353: 165, 316, 590, 480, 344, 150, 377, 589, 288, 329
User 354: 4022, 1246, 1200, 590, 648, 3996, 2763, 5445, 1258, 2542
User 355: 260, 2571, 3578, 1374, 589, 1356, 1265, 329, 1214, 1200
User 356: 3147, 68358, 168, 608, 34405, 5060, 1042, 8636, 4014, 3967
User 357: 1222, 69844, 778, 6016, 6934, 11, 1921, 1288, 1219, 475
User 358: 356, 68954, 597, 1704, 6942, 81845, 6377, 4963, 69122, 912
User 359: 356, 597, 4973, 1, 608, 1240, 3578, 2028, 1259, 1307
User 360: 50, 1610, 3578, 1653, 1573, 904, 1206, 2916, 648, 4226
User 361: 3793, 480, 4306, 1580, 4447, 364, 380, 1240, 33493, 1270
User 362: 110, 1089, 4993, 58559, 5952, 2028, 480, 55820, 608, 2762
User 363: 260, 5952, 3578, 2959, 50, 4995, 1291, 1265, 356, 110
User 364: 780, 1356, 141, 32, 6, 608, 112, 25, 36, 788
User 365: 79132, 1270, 119145, 1682, 4878, 35836, 6539, 4896, 6863, 2959
User 366: 5952, 79132, 2571, 4226, 1198, 260, 6539, 2329, 47, 356
User 367: 1036, 2918, 2959, 2571, 1333, 2012, 1197, 1234, 2657, 2396
User 368: 2000, 2427, 2028, 1219, 2529, 349, 2640, 163, 2762, 733
User 369: 2959, 50, 2329, 1527, 2858, 2542, 1193, 2997, 1210, 344
User 370: 1258, 2959, 1527, 7361, 32, 6333, 2028, 8360, 5445, 3793
User 371: 541, 750, 5618, 3996, 1222, 48394, 29, 2997, 6711, 1527
User 372: 32, 592, 17, 1197, 858, 246, 62, 1272, 265, 1610
User 373: 454, 165, 235, 36, 161, 457, 349, 595, 597, 150
User 374: 590, 589, 380, 150, 454, 344, 47, 253, 292, 339
User 375: 2571, 1, 527, 457, 150, 858, 2959, 161, 50, 1704
User 376: 1198, 5349, 253, 1196, 1704, 4963, 1036, 597, 59315, 1270
User 377: 1288, 1198, 750, 296, 3994, 1204, 1234, 1276, 592, 3578
User 378: 79132, 2959, 4993, 50, 5952, 2028, 2324, 356, 4306, 858
User 379: 349, 339, 153, 316, 377, 588, 597, 231, 329, 593
User 380: 2490, 1090, 27611, 60069, 46578, 71264, 111, 164179, 103228, 64969
User 381: 2997, 454, 63113, 2248, 475, 2700, 899, 47610, 3147, 36529
User 382: 88125, 2628, 111, 72998, 4896, 1704, 590, 116797, 96079, 539
User 383: 2028, 4995, 260, 50, 1682, 1784, 1259, 1, 1307, 1617
User 384: 1208, 589, 1732, 110, 1089, 1136, 1213, 590, 3052, 541
User 385: 111, 223, 1242, 1210, 1198, 141, 34, 300, 17, 1391
User 386: 593, 608, 457, 367, 150, 589, 344, 161, 253, 588
User 387: 2080, 431, 1036, 2150, 539, 2085, 25771, 97304, 2054, 16
User 388: 4886, 8961, 4963, 4896, 50872, 6539, 4973, 5952, 4993, 1
User 389: 141, 736, 25, 36, 786, 1073, 1, 7, 1393, 1210
User 390: 6874, 356, 32587, 4720, 296, 357, 3949, 5952, 293, 55820
User 391: 1073, 1090, 596, 5445, 1302, 79132, 6711, 1203, 48394, 1219
User 392: 858, 260, 2571, 1213, 3578, 1265, 223, 1291, 2028, 1517
User 393: 7153, 7143, 5952, 5349, 4306, 1036, 8961, 3000, 51662, 6934
User 394: 589, 349, 161, 165, 316, 292, 339, 253, 364, 47
User 395: 165, 153, 344, 356, 377, 457, 161, 1, 253, 34
User 396: 4306, 8961, 356, 364, 2762, 7361, 318, 4973, 8360, 608
User 397: 858, 1193, 912, 898, 1267, 2858, 1276, 904, 1172, 1247
User 398: 293, 1270, 1247, 6016, 1265, 2324, 6350, 1197, 1035, 4246
User 399: 1196, 5952, 1210, 318, 1197, 47, 6377, 4995, 2028, 58559
User 400: 4993, 2329, 1089, 480, 3578, 2858, 4226, 589, 48780, 2028
User 401: 4886, 4896, 2355, 5618, 5218, 115617, 81845, 367, 3793, 78499
User 402: 110, 367, 32, 39, 454, 34, 150, 595, 648, 733
User 403: 2959, 608, 1222, 4011, 68157, 2028, 50, 2858, 2115, 110
User 404: 457, 150, 527, 595, 300, 349, 364, 592, 253, 153
User 405: 47, 1208, 6874, 589, 778, 7438, 555, 1201, 7361, 608
User 406: 919, 48, 39, 4823, 1380, 2762, 81847, 80549, 1307, 595
User 407: 4993, 7153, 79132, 589, 110, 1198, 318, 59315, 2762, 1196
User 408: 33794, 112852, 2959, 51255, 122882, 1214, 71535, 3793, 68358, 68954
User 409: 1198, 1207, 1208, 1136, 750, 1732, 1203, 904, 1252, 6016
User 410: 1278, 5060, 1219, 1244, 2959, 3039, 2804, 930, 926, 2144
User 411: 150, 592, 588, 595, 165, 153, 318, 440, 380, 350
User 412: 912, 908, 1213, 1234, 1136, 2396, 3578, 608, 2791, 1244
User 413: 50, 48516, 1036, 2959, 7153, 111, 377, 356, 5952, 2542
User 414: 2005, 2080, 4246, 904, 55820, 146656, 7099, 913, 166528, 5608
User 415: 912, 50, 593, 1089, 1, 1207, 910, 527, 1219, 44555
User 416: 111, 923, 593, 912, 6874, 7361, 4226, 1208, 1193, 2858
User 417: 2571, 4995, 5952, 50, 33794, 4973, 2324, 48516, 593, 44191
User 418: 7153, 4896, 608, 79132, 2324, 4973, 2716, 6377, 858, 593
User 419: 48516, 2329, 79132, 6016, 588, 74458, 150, 110, 344, 2706
User 420: 6377, 111, 5218, 3114, 4993, 2355, 68157, 318, 1240, 5989
User 421: 111, 858, 912, 357, 7361, 4973, 750, 2028, 903, 3147
User 422: 260, 2762, 1221, 593, 1258, 903, 904, 1206, 1219, 2571
User 423: 2571, 527, 590, 380, 592, 377, 349, 165, 344, 161
User 424: 2329, 1221, 858, 48780, 91658, 1213, 16, 4878, 48394, 296
User 425: 589, 4973, 4306, 5378, 2012, 539, 185, 1393, 1617, 1485
User 426: 527, 5816, 1, 5218, 6539, 8368, 590, 50872, 72998, 3147
User 427: 7153, 4306, 6539, 2959, 541, 2571, 3578, 8961, 1089, 1222
User 428: 3578, 4226, 16, 3793, 1036, 4011, 1080, 318, 924, 6711
User 429: 457, 153, 253, 292, 454, 344, 434, 10, 34, 539
User 430: 2571, 1682, 50, 150, 1784, 3175, 3114, 1270, 1968, 1
User 431: 750, 2791, 1073, 1252, 1206, 592, 1358, 2502, 923, 1610
User 432: 457, 5989, 32, 1393, 4720, 356, 7361, 2324, 8665, 72998
User 433: 2959, 50, 58559, 2028, 1213, 68157, 47, 111, 4226, 356
User 434: 2028, 1206, 480, 6539, 377, 4973, 1213, 4963, 1080, 3949
User 435: 858, 356, 2571, 4226, 74458, 33794, 7153, 2329, 5952, 5418
User 436: 377, 364, 153, 329, 454, 300, 590, 553, 356, 344
User 437: 1210, 593, 805, 11, 21, 1073, 266, 265, 553, 357
User 438: 4246, 5464, 454, 1089, 529, 349, 31685, 48, 163, 6373
User 439: 527, 7153, 260, 4993, 296, 480, 2959, 58559, 2858, 3578
User 440: 1200, 111, 1206, 1208, 750, 2968, 1222, 32, 293, 1175
User 441: 5952, 3578, 110, 480, 79132, 4226, 1210, 780, 1213, 1136
User 442: 1073, 1302, 339, 2580, 356, 1285, 588, 350, 261, 7
User 443: 527, 1196, 1198, 293, 47, 68157, 2028, 1210, 4226, 2762
User 444: 457, 590, 293, 32, 377, 50, 165, 150, 349, 153
User 445: 4226, 1198, 79132, 6377, 68954, 6016, 3578, 1193, 2858, 318
User 446: 364, 110, 590, 454, 161, 474, 318, 440, 300, 266
User 447: 161, 454, 47, 434, 589, 364, 539, 150, 208, 34
User 448: 116797, 913, 497, 29, 551, 4995, 1274, 5015, 4700, 4016
User 449: 296, 356, 1213, 1732, 1704, 2542, 608, 2329, 2571, 1265
User 450: 2571, 480, 296, 32, 1196, 47, 3793, 1213, 2916, 293
User 451: 36, 95, 786, 260, 62, 608, 1, 628, 653, 805
User 452: 1090, 6711, 2716, 2997, 1552, 5445, 1213, 1242, 1307, 733
User 453: 3994, 2723, 36, 2987, 1610, 500, 1912, 1148, 3624, 1967
User 454: 4973, 1193, 48516, 68157, 2959, 1732, 4226, 608, 2571, 1073
User 455: 380, 296, 589, 253, 153, 300, 364, 185, 208, 474
User 456: 733, 780, 1073, 32, 1356, 62, 95, 494, 36, 25
User 457: 1198, 2571, 356, 593, 2683, 1210, 380, 1573, 595, 1265
User 458: 457, 380, 161, 253, 588, 377, 592, 34, 356, 434
User 459: 4306, 60069, 4896, 58559, 76093, 7153, 79132, 59315, 4226, 5989
User 460: 5952, 58559, 6377, 54286, 4226, 6539, 74458, 5349, 4306, 72998
User 461: 356, 2028, 593, 2959, 79132, 2324, 1721, 4995, 7153, 68954
User 462: 56782, 2300, 592, 4034, 6934, 7445, 1234, 1077, 3671, 3977
User 463: 5952, 2571, 318, 4993, 3578, 2959, 1222, 1721, 480, 357
User 464: 4993, 480, 457, 3147, 296, 1210, 1221, 1089, 5445, 6
User 465: 1204, 1206, 1222, 903, 1233, 913, 1387, 1617, 1250, 858
User 466: 69844, 72998, 4886, 76093, 6365, 47610, 6934, 2959, 318, 51662
User 467: 4973, 296, 1704, 356, 357, 318, 2858, 1653, 608, 34
User 468: 457, 480, 10, 339, 454, 110, 593, 349, 364, 329
User 469: 1193, 253, 111, 2352, 653, 2717, 1220, 7099, 153, 353
User 470: 457, 292, 454, 597, 500, 780, 733, 329, 141, 440
User 471: 7153, 4226, 4306, 2858, 7361, 4993, 1193, 68954, 4995, 58559
User 472: 858, 79132, 2959, 1198, 2329, 1213, 48780, 91529, 2571, 1196
User 473: 527, 4973, 50, 5952, 1193, 3949, 32, 608, 111, 6874
User 474: 58559, 3556, 79132, 68157, 231, 2908, 2502, 926, 3476, 2985
User 475: 6539, 8368, 60069, 5816, 5349, 3147, 1291, 1584, 780, 5952
User 476: 480, 150, 110, 500, 367, 344, 329, 292, 316, 253
User 477: 2194, 3147, 2396, 4886, 434, 457, 3317, 7090, 2763, 539
User 478: 4306, 6333, 8636, 3578, 260, 3996, 1265, 5418, 2657, 1
User 479: 1221, 1270, 2571, 2858, 1197, 17, 1968, 1259, 1213, 2144
User 480: 1208, 6711, 1287, 3535, 1298, 6, 4270, 2791, 56174, 1028
User 481: 2028, 527, 608, 47, 1097, 1573, 1923, 648, 597, 3578
User 482: 1580, 1356, 4993, 736, 1291, 150, 733, 480, 1393, 3578
User 483: 1580, 1961, 1207, 1748, 3421, 902, 1276, 6502, 4226, 235
User 484: 79132, 80549, 293, 586, 1393, 913, 48394, 8641, 51255, 104
User 485: 480, 454, 380, 153, 344, 434, 592, 377, 318, 231
User 486: 110, 454, 590, 10, 150, 780, 161, 434, 185, 50
User 487: 58559, 6377, 4226, 4306, 3578, 47, 5618, 8961, 54286, 1196
User 488: 4993, 8961, 7361, 1225, 1641, 4896, 4995, 1265, 68954, 2080
User 489: 58559, 50872, 2115, 306, 1653, 1221, 265, 337, 2502, 497
User 490: 48516, 68157, 47, 91529, 55247, 1036, 116797, 8874, 2858, 7361
User 491: 8368, 8961, 81834, 1732, 52973, 4447, 4963, 96821, 6377, 2572
User 492: 736, 1073, 1, 25, 628, 17, 708, 608, 5, 637
User 493: 1210, 1036, 3578, 480, 780, 1291, 356, 541, 110, 1580
User 494: 260, 480, 1291, 1240, 1196, 1221, 1197, 924, 356, 1213
User 495: 91529, 4878, 16, 84152, 109487, 4027, 53322, 5418, 1527, 112138
User 496: 593, 6539, 79132, 318, 109487, 1198, 91529, 1221, 260, 4226
User 497: 2959, 4226, 4973, 912, 541, 4306, 527, 6016, 1207, 68157
User 498: 165, 349, 110, 161, 595, 253, 377, 589, 539, 1
User 499: 1208, 1136, 1276, 1080, 2951, 1278, 1073, 953, 3671, 1262
User 500: 2396, 2762, 2028, 1196, 2080, 34, 3793, 2324, 1907, 1197
User 501: 733, 62, 786, 1356, 1073, 802, 648, 653, 260, 708
User 502: 50, 750, 912, 2324, 1278, 527, 3033, 316, 1617, 2916
User 503: 50, 6016, 2329, 58559, 111, 1258, 356, 2762, 608, 2542
User 504: 6539, 4034, 3996, 4886, 4973, 1307, 2396, 4306, 2571, 34
User 505: 296, 223, 527, 110, 2571, 6874, 919, 1136, 7438, 1198
User 506: 46578, 58559, 79132, 35836, 55247, 86833, 109374, 1197, 99114, 134130
User 507: 380, 161, 593, 185, 292, 153, 356, 592, 344, 588
User 508: 356, 2115, 260, 1240, 2797, 5989, 5445, 1210, 3147, 541
User 509: 6539, 68954, 1136, 858, 1278, 111759, 1208, 72998, 592, 780
User 510: 1221, 1387, 1089, 608, 1214, 1210, 1291, 3578, 1732, 2918
User 511: 5952, 109487, 593, 2571, 4226, 112552, 68954, 106782, 116797, 260
User 512: 480, 592, 349, 150, 595, 153, 318, 34, 339, 329
User 513: 1198, 1196, 527, 4993, 50, 2571, 480, 1073, 1270, 608
User 514: 1291, 116797, 32, 1079, 2529, 223, 96079, 3994, 1394, 7153
User 515: 2571, 109487, 4226, 7153, 1221, 68954, 1704, 91529, 59315, 858
User 516: 589, 260, 47, 1265, 3578, 1291, 1270, 1240, 590, 6377
User 517: 356, 4306, 3751, 1246, 595, 3114, 500, 8360, 2324, 5989
User 518: 6539, 4306, 1527, 8961, 5349, 8636, 3793, 4022, 8360, 1784
User 519: 50, 63082, 356, 6942, 4995, 52973, 5445, 35836, 48516, 79132
User 520: 380, 1374, 1199, 1, 2012, 50872, 1203, 2762, 5989, 3471
User 521: 141, 36, 736, 6, 260, 648, 62, 494, 1356, 17
User 522: 4226, 8665, 57669, 2542, 79132, 1291, 60069, 1580, 32587, 1732
User 523: 6377, 2571, 68954, 7361, 2762, 110, 2324, 116797, 44191, 8368
User 524: 457, 590, 364, 329, 589, 1200, 595, 454, 141, 292
User 525: 4447, 73017, 52973, 45720, 68954, 1225, 110, 51255, 91529, 2692
User 526: 112552, 527, 4995, 2692, 47, 3147, 6377, 4306, 99114, 5995
User 527: 1097, 1207, 1584, 3418, 1219, 1210, 2959, 69844, 780, 1527
User 528: 2959, 480, 79132, 2858, 2028, 47, 4963, 7153, 54286, 74458
User 529: 780, 1356, 25, 494, 6, 36, 608, 112, 802, 653
User 530: 480, 457, 150, 349, 34, 357, 595, 165, 253, 292
User 531: 1198, 1196, 7153, 2959, 5952, 47, 110, 1210, 912, 296
User 532: 356, 1036, 1221, 1193, 47, 260, 296, 1222, 1214, 2762
User 533: 2762, 1200, 4226, 2858, 60069, 3147, 480, 4878, 1197, 4306
User 534: 1225, 122882, 1917, 509, 76093, 1732, 1608, 33166, 3176, 48738
User 535: 2858, 260, 1196, 1580, 2959, 3578, 3114, 4973, 589, 5989
User 536: 589, 587, 590, 380, 161, 150, 47, 318, 296, 367
User 537: 2959, 74458, 68157, 3578, 4995, 91529, 356, 91658, 4886, 48780
User 538: 60069, 4306, 8961, 4896, 40815, 81834, 50872, 6377, 356, 5816
User 539: 1, 4963, 60069, 5952, 48780, 608, 78499, 3147, 5989, 364
User 540: 1198, 7153, 480, 4226, 780, 110, 593, 5952, 293, 3578
User 541: 457, 587, 339, 500, 292, 367, 150, 364, 185, 434
User 542: 3793, 4995, 1, 3578, 588, 2329, 7438, 5989, 4878, 3147
User 543: 10, 1200, 1527, 589, 4306, 3147, 59315, 480, 2617, 318
User 544: 733, 32, 260, 141, 786, 494, 62, 788, 1073, 112
User 545: 904, 1210, 648, 2353, 1722, 3489, 1372, 10, 913, 1265
User 546: 778, 1213, 1240, 2571, 296, 1288, 356, 1674, 594, 597
User 547: 2571, 1222, 1213, 924, 1208, 1258, 4226, 1200, 2028, 1206
User 548: 110, 2959, 1210, 780, 7153, 480, 4995, 2396, 318, 6
User 549: 2571, 4993, 79132, 7153, 2329, 356, 1198, 33794, 593, 296
User 550: 58559, 2959, 87232, 7153, 72998, 260, 122886, 68954, 76093, 80463
User 551: 7153, 109487, 58559, 111759, 102125, 1196, 527, 69844, 6539, 480
User 552: 260, 2355, 4022, 1136, 3578, 4993, 1732, 5989, 4306, 1580
User 553: 2329, 778, 1466, 1617, 47, 4262, 6, 3535, 2959, 1222
User 554: 260, 919, 2987, 1246, 904, 4246, 4306, 1221, 1073, 1198
User 555: 5010, 919, 1259, 924, 30793, 76093, 2396, 353, 6502, 8636
User 556: 40815, 6377, 81834, 60069, 116797, 8961, 59315, 41566, 4306, 45722
User 557: 380, 296, 858, 780, 592, 480, 1291, 50, 185, 377
User 558: 1961, 2858, 588, 6377, 3578, 3793, 5418, 919, 1784, 3948
User 559: 736, 380, 780, 500, 590, 339, 141, 587, 7, 34
User 560: 6934, 3717, 51662, 588, 7254, 1073, 99114, 1090, 41566, 541
User 561: 35836, 4022, 8798, 98809, 2011, 1653, 2985, 3052, 3671, 4321
User 562: 2797, 1580, 2193, 1215, 1997, 36, 919, 25, 1923, 1704
User 563: 6942, 364, 4963, 902, 7451, 2671, 109374, 69757, 81847, 58559
User 564: 134368, 4447, 73017, 62434, 51662, 6874, 86833, 64969, 4246, 7293
User 565: 593, 110, 161, 344, 480, 434, 356, 292, 454, 349
User 566: 589, 349, 339, 593, 34, 253, 500, 153, 300, 47
User 567: 79132, 134130, 109487, 91529, 115617, 33794, 122886, 122904, 1356, 2571
User 568: 2959, 110, 2571, 527, 296, 587, 589, 1207, 260, 349
User 569: 165, 150, 110, 339, 161, 349, 500, 1, 367, 454
User 570: 480, 3793, 1097, 1, 150, 4973, 590, 1580, 1198, 1704
User 571: 1997, 1387, 1968, 1982, 3147, 919, 2797, 3703, 1206, 1210
User 572: 1304, 903, 34, 1244, 969, 1201, 912, 1219, 909, 36
User 573: 71535, 6016, 1393, 163, 1035, 4896, 34, 1197, 1374, 2406
User 574: 380, 590, 165, 150, 457, 10, 480, 356, 253, 292
User 575: 356, 2858, 2396, 260, 1580, 3175, 50, 2490, 1193, 2683
User 576: 555, 1196, 1784, 1617, 223, 1215, 457, 745, 1060, 1197
User 577: 2571, 1204, 1200, 648, 457, 3527, 1198, 858, 592, 3147
User 578: 597, 69122, 68954, 4963, 1214, 6942, 49272, 109374, 2572, 912
User 579: 480, 357, 588, 539, 3175, 6377, 589, 3578, 2080, 1028
User 580: 2396, 2078, 2105, 8665, 5010, 5502, 1209, 1307, 76251, 3703
User 581: 4993, 5952, 8961, 7361, 3147, 72998, 4886, 69844, 5618, 76093
User 582: 58559, 7153, 89745, 72998, 4896, 112852, 47, 122904, 60069, 122882
User 583: 364, 597, 1569, 344, 919, 2858, 3578, 2762, 500, 48
User 584: 457, 367, 592, 349, 292, 150, 2, 185, 553, 356
User 585: 2329, 1193, 858, 778, 1208, 6, 50, 5010, 4262, 1884
User 586: 89745, 2997, 116797, 5010, 115617, 4995, 166528, 5989, 70286, 165
User 587: 1265, 1207, 7361, 1197, 1784, 4973, 904, 902, 1276, 508
User 588: 318, 590, 377, 32, 153, 434, 595, 648, 293, 588
User 589: 527, 50, 480, 32, 17, 1, 377, 62, 260, 597
User 590: 780, 2671, 7438, 1222, 899, 1376, 1408, 1394, 5060, 2294
User 591: 1196, 1197, 1198, 3175, 2858, 110, 2028, 4022, 4306, 589
User 592: 367, 161, 292, 590, 47, 434, 329, 34, 539, 1
User 593: 2571, 1198, 1, 4226, 2028, 527, 480, 47, 1393, 79132
User 594: 539, 58559, 224, 500, 68157, 33794, 3755, 899, 6539, 3809
User 595: 318, 32, 357, 150, 36, 1210, 1221, 1196, 497, 1617
User 596: 7361, 1282, 1079, 4223, 1089, 34, 344, 1374, 96079, 57504
User 597: 1208, 2167, 1261, 293, 165, 6502, 838, 377, 5618, 2300
User 598: 1704, 4973, 6377, 48516, 54286, 49272, 8368, 457, 5952, 7438
User 599: 1245, 3089, 866, 117887, 2020, 1287, 1199, 1566, 1234, 180
User 600: 410, 2997, 8622, 134130, 1358, 2763, 903, 1252, 708, 2501
User 601: 58559, 79132, 4993, 2959, 4973, 260, 356, 2762, 60069, 6539
User 602: 161, 454, 50, 21, 25, 588, 595, 648, 736, 500
User 603: 8961, 2583, 3527, 337, 308, 1393, 475, 2109, 3753, 231
User 604: 592, 292, 587, 10, 161, 349, 47, 329, 350, 457
User 605: 1196, 1198, 1, 4993, 6377, 5952, 5991, 2396, 1291, 40815
User 606: 838, 1080, 80463, 1125, 2076, 3114, 3421, 442, 55247, 64839
User 607: 588, 589, 1333, 377, 1246, 1961, 1198, 1968, 2762, 2424
User 608: 266, 4128, 5444, 33004, 4718, 924, 2600, 44199, 3671, 1203
User 609: 150, 380, 153, 165, 593, 349, 344, 47, 316, 356
User 610: 34, 115713, 2150, 64614, 349, 1370, 5445, 1225, 431, 922
